9,200,275;
0,500,120;
1,320,650;
1,320,1000;
1,610,500;
3,320,860;
3,320,510;
4,475,450;
4,475,600;
4,475,750;
11,250,275;#
250,275#
0,0,0,0,0,0,0,0,0,0,0,0,0,0,0
0,1,1,1,1,1,1,1,1,1,1,1,1,1,0
0,1,1,1,1,1,1,1,1,1,2,1,1,1,0
0,1,1,0,0,0,0,0,1,0,0,0,0,0,0
0,1,0,0,1,1,1,1,1,1,1,1,1,0,0
0,1,1,0,1,1,1,1,1,1,1,1,1,0,0
0,0,1,0,1,1,1,1,1,1,1,1,1,0,0
0,1,1,0,0,0,0,0,1,0,0,0,0,0,0
0,1,0,0,0,1,1,1,1,0,0,0,0,0,0
0,1,1,0,1,1,1,1,1,0,1,1,1,1,0
0,0,1,0,1,1,1,1,1,0,1,1,1,1,0
0,1,1,0,1,0,0,0,0,0,1,1,0,1,0
0,1,0,0,1,1,1,1,1,0,1,0,0,1,0
0,1,1,0,1,1,1,1,1,0,1,1,0,1,0
0,0,1,0,0,0,0,0,1,0,0,1,0,1,0
0,1,1,0,0,1,1,1,1,0,1,1,0,1,0
0,1,0,0,1,1,1,1,1,0,1,0,0,1,0
0,1,1,0,1,1,1,1,1,0,1,1,0,1,0
0,0,1,0,1,0,0,0,0,0,0,1,0,1,0
0,1,1,0,1,1,1,1,1,0,1,1,0,1,0
0,1,0,0,1,1,2,1,1,1,1,0,0,1,0
0,1,1,0,0,0,0,0,0,0,0,0,0,1,0
0,0,1,1,1,1,1,1,1,1,1,1,0,1,0
0,0,0,1,1,1,1,1,1,1,1,1,0,1,0
0,0,0,0,1,1,1,1,1,1,2,1,1,1,0
0,0,0,0,0,0,0,0,0,0,0,0,0,0,0#